0: 8 11
1: 56 66 | 17 116
10: 66 71 | 116 82
11: 42 31
12: 92 116 | 102 66
13: 122 66 | 85 116
100: 66 18 | 116 10
101: 17 66 | 92 116
102: 116 116 | 66 62
103: 116 33 | 66 47
104: 66 6 | 116 63
105: 116 116
106: 24 116 | 26 66
107: 131 62
108: 116 41 | 66 41
109: 41 116
110: 116 23 | 66 86
111: 66 119 | 116 4
112: 66 98 | 116 69
113: 66 73 | 116 51
114: 116 124 | 66 105
115: 49 62
116: "a"
117: 66 92 | 116 131
118: 116 129 | 66 35
119: 66 66 | 116 62
120: 83 66 | 58 116
121: 66 112 | 116 127
122: 105 66 | 119 116
123: 117 116 | 134 66
124: 66 116 | 116 66
125: 77 66 | 55 116
126: 111 116 | 108 66
127: 116 101 | 66 65
128: 66 119 | 116 58
129: 102 66 | 58 116
130: 58 116 | 21 66
131: 66 66 | 66 116
132: 116 105 | 66 119
133: 4 66 | 4 116
134: 66 58 | 116 17
135: 66 67 | 116 32
136: 83 66 | 102 116
14: 9 66 | 76 116
15: 84 116 | 7 66
16: 66 2 | 116 120
17: 66 66 | 116 116
18: 116 20 | 66 25
19: 116 4 | 66 92
2: 119 116 | 4 66
20: 116 87 | 66 13
21: 66 116
22: 66 15 | 116 96
23: 116 21 | 66 56
24: 17 116 | 83 66
25: 116 68 | 66 34
26: 56 116 | 105 66
27: 62 62
28: 116 17 | 66 49
29: 102 66 | 4 116
3: 41 66 | 56 116
30: 66 105 | 116 105
31: 22 66 | 44 116
32: 116 125 | 66 16
33: 66 41 | 116 102
34: 66 128 | 116 107
35: 116 21 | 66 105
36: 66 131 | 116 21
37: 116 53 | 66 90
38: 66 30 | 116 114
39: 66 78 | 116 115
4: 116 66
40: 118 66 | 106 116
41: 66 66
42: 37 66 | 100 116
43: 66 17 | 116 21
44: 135 116 | 94 66
45: 136 66 | 30 116
46: 95 116 | 65 66
47: 4 116
48: 29 66 | 129 116
49: 116 116 | 116 66
5: 116 3 | 66 111
50: 116 132 | 66 28
51: 4 116 | 49 66
52: 119 62
53: 116 121 | 66 72
54: 66 43 | 116 81
55: 4 66 | 83 116
56: 66 116 | 116 116
57: 56 116 | 119 66
58: 116 66 | 66 66
59: 66 4 | 116 58
6: 131 66 | 27 116
60: 38 116 | 79 66
61: 54 66 | 50 116
62: 116 | 66
63: 119 66 | 27 116
64: 66 41 | 116 27
65: 66 49 | 116 58
66: "b"
67: 48 66 | 75 116
68: 66 132 | 116 52
69: 116 92 | 66 17
7: 116 126 | 66 88
70: 98 116 | 97 66
71: 5 116 | 103 66
72: 116 74 | 66 110
73: 119 66 | 92 116
74: 66 12 | 116 1
75: 30 66 | 36 116
76: 80 66 | 109 116
77: 4 66 | 58 116
78: 66 131 | 116 58
79: 116 59 | 66 64
8: 42
80: 116 56 | 66 49
81: 4 116 | 17 66
82: 113 116 | 93 66
83: 116 62 | 66 116
84: 39 66 | 70 116
85: 92 116 | 131 66
86: 116 92 | 66 83
87: 66 3 | 116 2
88: 57 116 | 55 66
89: 123 116 | 104 66
9: 130 116 | 19 66
90: 66 14 | 116 91
91: 66 46 | 116 45
92: 66 116 | 62 66
93: 116 99 | 66 133
94: 66 40 | 116 89
95: 49 116 | 27 66
96: 66 60 | 116 61
97: 116 119 | 66 27
98: 66 83 | 116 41
99: 66 56 | 116 105